5.587359860830963809e-01
2.838239569361500347e-01
4.609034444261421726e-01
4.655798305751093213e-01
7.413277248888544557e-01
1.776341374194780887e-01
1.418304449505691789e-02
4.000167694788085981e-01
2.772819749507371423e-02
3.312116061886305474e-01
4.344531496199696141e-01
3.648890791815839751e-01
4.137965673079162521e-01
7.730766888714120100e-01
5.519632280472470676e-01
5.175082171868201630e-01
1.013504295857826643e-01
3.766468673612008988e-01
4.989414669629422816e-01
8.945074757911617436e-01
2.429254574571289016e-01
1.627865705443017896e-01
4.160272129742400571e-01
6.325614675628483674e-01
3.023589228468380741e-01
2.870250854934578433e-01
5.806930966966954433e-01
2.194782459368459504e-01
8.947660152130558764e-01
9.676817533469894705e-02
1.980722518742841221e-01
4.327651803866465752e-01
8.870072250060545560e-01
7.219342251184986958e-01
8.443655512258730900e-01
4.570574019937664323e-01
8.606089638176209755e-01
3.241765108455851863e-01
9.037180157369745226e-01
5.899517362178975377e-01
1.687227487292536354e-01
3.485249447600934358e-01
7.700760606697079069e-01
6.987402360329219020e-01
4.868782247267200436e-01
3.199918226485668482e-01
2.681676815958122795e-02
3.534536941391618337e-01
5.912413559379333661e-01
8.118155638543743668e-01
3.769485533273173594e-01
1.045752636803876090e-01
5.107528740079582130e-01
5.700378053174035564e-01
3.944987221734027605e-01
6.798191612665549499e-02
5.434573880377517874e-01
8.943900906081382329e-01
8.766697549251146748e-01
6.521846783275198067e-01
8.187800826473449201e-01
3.713124887229191096e-02
5.339990284675539822e-01
5.314310421390657790e-01
4.629133041887236732e-01
2.311380874986624923e-01
5.411582351272470337e-02
7.436265512146286172e-01
3.500379007051923619e-01
1.936993216142924856e-01
4.725355218046033423e-01
8.660786412117479349e-01
2.958190039247637904e-01
5.327595306867068947e-01
6.454233271757959800e-01
2.683472086217467689e-01
1.888016693859451145e-01
9.811111504387670657e-01
1.708775981766016416e-01
3.035551576105679494e-01
1.660169365743457970e-01
2.658057867171098598e-01
1.556874523439445435e-01
4.450202297415041253e-01
1.101512458277030815e-01
7.554213031014597179e-01
7.706748034393695601e-01
5.640350999405496779e-01
8.240094009265527264e-01
3.687760512357811660e-01
1.877922988664155746e-01
2.884321359156050146e-02
4.793629590997038337e-01
9.303595629679706214e-01
4.466194764939579454e-02
5.623048494910101169e-01
1.200354367726508276e-02
5.389420573236398671e-01
4.299967995102847995e-01
6.187561244188947152e-01
